34272
2187
94311
92023
39249
97889
30698
83600
49515
53283
53468
99693
49095
20825
28750
36664
31835
32983
93119
77781
93836
15135
86758
78711
73120
70189
3951
0
68177
94180
25052
48180
80030
65010
38797
15097
3900
33250
77691
28525
98089
22846
94365
14083
31073
17918
5102
32507
64489
36561
20774
13693
17449
88967
82468
34002
93495
24186
36429
70879
12110
11223
52814
82911
55070
3756
59390
26428
36316
44719
62655
49450
98042
15400
84707
64064
20114
12316
46666
83380
59291
16088
44874
8721
66910
50134
21320
2647
42211
93039
28802
432
61316
66397
26639
15467
64387
64332
54110
49014
15543
65820
63003
28220
99362
56693
464
67961
69022
99048
30056
20726
28341
31166
57294
85446
32240
68096
38965
78460
7
91809
10449
23558
66423
87436
63170
1706
2162
99877
57233
475
13681
26175
16498
53592
86692
91354
11593
33025
14345
47126
72042
39287
1947
34840
86264
5167
74530
59480
83887
31731
23880
90949
91934
32118
81068
27030
3147
92689
42224
58637
76218
61182
41516
63114
75401
6256
12933
46666
94642
70477
64312
46329
79220
7402
1648
90139
66315
90209
52152
81811
49595
85361
66507
22862
33708
65490
62598
46095
18799
6484
45438
26584
60959
64499
90766
60337
76067
1465
21705
42840
13136
67792
47758
14918
66827
61250
33786
16058
73099
2767
30839
96260
31549
25162
35313
76944
51617
27409
43049
35788
10354
27783
27747
19448
8803
23279
96506
42858
62053
9703
98612
82810
67301
31135
55184
18897
82866
36180
18395
72105
19612
18350
50273
70176
55672
51570
5985
59519
37504
13028
88314
29537
62423
28093
97953
35171
52842
11173
61621
66279
24562
51310
11369
92292
98999
35981
40800
83021
1390
69397
38648
19452
2818
53873
90909
32283
80657
16477
91965
91311
27309
96866
80412
23010
91395
11852
90750
68331
35032
98442
83201
46012
65583
50914
80622
70184
82344
49774
33060
82543
6626
1367
74676
35111
58849
8588
48236
34952
90091
17823
31915
69813
69804
78140
91731
98562
69049
1351
34908
35942
80817
38801
12036
64478
56352
2294
52197
21947
49405
60887
40767
75754
9779
52367
25237
6494
88733
72244
25524
67260
5547
97547
36941
20131
10113
9000
74819
24918
18942
96641
98464
16167
74938
81838
26626
1
56872
56576
20179
54258
21723
95963
49430
49971
42213
12209
62813
44406
72570
51740
62936
9707
93268
46359
53895
43439
55632
92729
753
44977
56309
41552
38253
80162
53205
83638
42173
51929
45227
71794
16827
5472
9604
45454
15084
91966
32251
23345
62097
9122
72477
44888
21596
56073
38987
9973
72095
86604
74973
30244
92928
38857
53571
31974
75496
22379
82887
10268
34107
85561
22414
20386
4259
31705
99006
59301
95525
57375
87290
77154
92725
54902
9512
98077
22276
11529
34579
5947
46103
93070
61068
7644
76724
24111
45579
77432
59382
80215
20692
90421
43743
93430
48981
7106
14733
16145
73483
34452
15493
9833
30597
67130
85388
22182
7360
33054
661
6943
63665
21851
94644
93161
80129
30166
26481
65786
44114
25050
54808
74137
97728
9972
87790
39907
69763
77575
76350
83036
92913
88877
34673
13809
92480
93612
15035
62662
32009
84656
4658
3905
86472
42282
17466
73745
13696
60709
40924
90940
95900
2208
87317
82436
61935
88397
11626
38518
3133
71846
89242
83951
36211
94727
31404
95274
21552
5291
6502
64906
78055
11430
40991
52417
87165
8156
2797
87323
39373
94077
86968
92874
95147
70654
12176
54702
98438
98997
13721
49057
73062
50353
17988
8860
37300
65267
7450
54185
34009
24973
69809
27303
36543
17205
12897
6611
4084
19301
54640
42361
6540
64723
70089
92663
59750
99304
4172
78154
91015
69088
81119
38232
83683
83133
52769
45593
1434
17319
43071
48578
50302
83172
79904
47887
42131
60016
23451
89357
7984
3929
41480
47521
79682
90202
38484
75928
9167
50386
8046
80813
45143
58592
65246
43760
22199
95070
19446
71641
12872
67350
71264
77641
69828
97605
84182
98008
48968
73867
4593
417
75765
15052
17657
20774
94929
967
15676
30305
7850
624
9626
3881
1211
85899
81372
69277
73479
5223
42020
92464
59394
25077
51360
87345
65710
62404
36217
92725
75203
77851
28136
57155
83272
26482
82503
37948
53406
3981
99621
63814
77661
39285
65715
45555
76597
95637
66620
15410
91926
7726
54034
73778
95339
2487
14627
25999
52193
85109
10091
63290
54182
12563
75170
62441
8045
72126
92022
27928
58605
32672
73907
72986
57577
21399
3743
24992
97931
10193
96226
59909
86921
79462
95043
11539
37833
241
23694
69526
35649
47852
39056
91772
88887
16712
87461
19557
34791
3110
95753
5388
23267
14357
50859
73650
16052
63240
2176
81219
11263
88563
56467
21095
32835
29314
90618
6600
21663
96918
22212
49499
92912
49021
51150
16941
98584
63725
11829
27147
87163
19004
7941
3022
22178
23999
44976
81473
76066
60285
2331
45040
663
19888
94066
72271
76265
25143
15548
11652
85457
64698
96457
50898
13109
38300
96423
84067
15887
36662
75572
51985
27660
2422
87534
57648
81776
71795
61926
22460
96598
96491
33652
43995
50133
89723
87683
57679
82303
9498
42445
2971
30979
86002
29057
8846
1394
97596
89376
82320
77918
81368
3944
16360
54910
27718
50600
28520
28239
28036
97746
62391
81269
41444
59694
82201
99487
97352
63179
37404
79912
62237
73552
69729
99257
33042
13713
80740
27947
97107
57469
58794
51531
81574
3252
14247
48951
20225
95350
51273
27108
47206
8311
27845
74210
77213
64622
51356
5175
31372
47309
57737
46344
86485
21483
46346
21719
11852
62044
97224
8069
33747
37538
22020
32504
61301
36957
72896
28344
9723
23101
44200
46804
80302
52537
66299
70530
91050
62296
18522
84387
78074
16141
77515
39716
70422
95168
31594
737
20182
38726
21261
43876
75538
14770
22099
17163
92856
98213
96040
60968
50792
4546
13687
26241
19087
56796
30509
12120
65086
98704
92229
60326
37159
63663
40054
86976
8884
12724
97909
50715
39044
3220
20648
76971
6594
7699
34793
44199
32131
60946
83347
17449
33628
29382
30220
73905
95870
36709
1966
81705
2959
40506
85491
25347
88486
67000
33757
89215
35395
56010
52864
52233
50696
83561
83213
73791
76184
61159
7771
92559
43147
25480
66068
58143
49163
64784
70841
30759
64270
5559
54995
31288
47760
73273
38903
72576
748
2635
96437
62245
59287
52104
45566
99439
43129
3913
43567
87331
33928
38098
25278
69673
66243
60937
86240
52079
44649
13570
12052
1094
70099
92918
41680
27082
24340
71378
55110
43488
87404
28428
46674
80056
67971
94576
72387
76849
57320
11480
36195
15067
34470
50170
71429
51960
8224
42203
41130
25660
62473
99457
94832
98164
19586
46119
88504
28835
54705
10281
15378
94918
73722
65695
67687
37177
65117
93575
25731
96691
2763
57179
60093
71629
11942
21761
59108
99328
61685
49057
3943
26987
7809
68369
18081
21268
35823
43821
93696
49158
46809
15874
50929
32984
94731
96137
25801
44750
24919
47473
78610
32953
34006
26613
4336
37530
23900
92812
57487
23845
9814
27168
60715
21824
13955
98582
40668
457
81740
94316
1692
1975
58337
74465
18389
66425
86034
60717
21292
32923
14983
28849
44964
95848
95452
55626
83313
22665
30460
22367
88922
65098
29560
27610
58058
85054
52868
47060
10003
5401
71311
42152
82079
94491
99294
28873
95412
6733
91076
4207
55587
48579
18943
22861
92142
24994
8945
99934
180
9627
79385
78078
86106
85141
62030
93781
14263
45801
10681
846
1116
87271
10796
61382
51070
8278
27810
18815
27585
93368
24787
41812
1923
46827
94996
79943
27235
2892
15146
36502
21868
6135
6249
62925
4130
72009
99501
55764
43143
55078
24756
99241
98602
52087
48342
91721
79212
60363
48290
56455
48337
94686
6518
34975
88576
43223
32282
24676
55703
19818
72154
68053
45838
97407
9726
44239
11045
44586
72360
43164
57581
78169
53034
62921
52592
1676
86337
59445
92575
31422
39250
99077
50134
17603
47455
72916
36493
25162
96005
91560
28318
79137
42517
97696
80269
74935
40078
83465
64153
33340
16180
3504
18526
25893
37615
41009
15973
71500
226
41198
76521
12341
32549
53148
61382
29451
92866
32535
76799
60488
17577
18838
76748
50259
55728
1017
15999
46980
97355
90239
15729
46051
62628
88148
98286
90479
631
99687
68186
68794
54668
47129
42142
15985
87729
77393
56371
52090
595
58509
57290
43254
59034
50996
22997
63910
71679
70182
93654
58153
42794
4244
88130
25763
86604
94732
38320
42330
50709
63341
89476
9466
77107
79641
91507
5464
3273
86440
91059
86452
88839
38105
41377
58711
36940
17540
41006
55036
5140
24682
99014
8971
85343
23406
61982
93728
62753
11709
54042
93035
56319
11720
54424
37072
26796
27827
12860
75022
88384
96869
68121
58397
9490
98080
99801
18160
73394
55050
12233
15323
4038
73962
84388
17198
83262
57967
99163
926
49270
84810
19645
55749
46056
13276
23081
40544
39467
21161
45709
92694
69804
14092
97017
45945
17799
78052
43845
91013
4642
18092
80572
7813
17670
64937
83620
30101
35323
61724
95211
48226
57183
51031
47120
37229
57571
83692
89770
90478
49218
18881
86553
66677
13855
8800
99687
76876
55034
93259
67675
46969
31246
53517
52186
9376
18730
65035
73242
25668
72618
11161
86660
15118
50705
63720
30821
27238
97093
76830
11249
17566
4296
9566
66389
87919
79758
97766
43960
91354
92864
73784
81229
58929
66123
12688
29271
98926
86341
11892
59961
84864
89022
39721
67673
24391
51295
32354
2576
37845
51363
53684
54162
49844
27374
93573
56276
10886
4525
54466
38942
42216
88844
93167
54127
14128
238
43450
19559
22549
6412
67753
61462
67309
37677
56465
77950
80785
19966
57192
50471
19965
88143
83762
29407
55604
15018
44856
71723
48929
22896
85688
92719
43928
7410
6197
66486
6138
51689
36366
48927
22615
49362
54989
31780
92590
51658
52566
85480
96528
10593
9439
51932
17219
94686
4350
58382
43234
38255
22941
41614
22274
64139
70667
81086
73679
82791
27021
34262
67797
68945
68946
15153
56378
48812
96324
49176
90408
79720
41241
40553
39913
19709
71689
48484
44203
23012
83259
91537
5091
78546
78744
61489
84141
4018
86337
94943
72081
98366
32795
47171
32162
62746
34952
10195
577
24941
38066
93862
7294
78940
20129
6391
88990
70821
76716
40466
53016
54901
21228
13534
47225
46630
10539
72999
3271
26329
44156
16966
48835
38764
56708
26416
87239
95928
24533
3736
43631
94345
94396
75650
82165
73371
67088
28325
73716
31693
88299
35995
24206
55461
6870
62344
14089
58784
82972
64197
91860
37716
27520
7752
16935
62180
59371
62290
75080
32734
87549
26068
11018
35253
38181
33215
43856
2295
40204
79591
55920
82506
14987
38130
45970
66535
11261
55075
17335
73939
10670
63294
69783
61238
75347
41367
84675
78138
85812
75356
17353
13346
64068
77659
98357
77604
16625
65041
46676
50853
62167
78385
83252
64143
64015
20877
68712
54097
86020
74915
41352
41043
37606
51367
92468
30389
51767
13897
8889
92643
35427
35491
85292
89783
16301
41826
86740
15787
11557
17518
75108
72153
59797
50711
46374
97489
79099
55966
27731
42646
19280
68573
3838
23637
84839
52180
49649
49283
9169
1393
55054
93362
86717
40987
61528
66896
60414
87611
82123
56925
59140
72008
88421
73510
4300
95309
91880
46371
69331
50489
79640
58313
73126
1059
42174
16428
6581
75544
93167
82229
70053
10947
53223
71388
98501
39159
82767
24867
67065
10364
53310
32078
95986
19892
99835
26882
37470
43432
74944
71641
20059
15188
3130
71551
19175
39211
89421
59213
98292
3208
35668
78656
38711
28339
60807
30196
16863
88781
23413
61250
58050
29816
26704
55571
31987
20229
64777
10720
18768
8123
16752
59720
96760
92641
80765
85005
33626
27144
8813
4427
16872
44632
94692
11062
64427
24213
70257
31183
93168
31310
72623
30882
44639
40323
67079
14527
492
98224
16275
94259
56454
40922
97886
25923
96301
87188
30663
2725
92322
53966
16004
20410
32758
20827
58594
95500
63428
60606
7243
11936
5914
53009
57953
41815
7282
4145
93094
24775
33312
57129
94974
18641
43236
79961
45804
59551
23903
18274
17305
9980
92578
49905
63572
95471
77761
16198
81523
79798
65319
86817
73719
55547
44611
59624
60558
61685
51617
29590
13425
15070
14963
63651
79118
51276
26925
56428
72736
92815
37617
73631
94010
87238
7743
40102
27747
26718
92110
91149
98330
75943
65432
19281
48795
99957
46543
36295
24154
65648
40429
24903
85068
61336
10794
15987
54438
59066
16423
55943
20253
13415
63783
24255
77356
32855
52157
26815
73747
80761
34527
48227
3132
13045
48826
10788
18138
65633
32032
23812
42954
78396
65437
4310
70235
67466
57992
50765
84010
51085
26484
58431
59910
99068
65541
86389
87859
3587
9663
27410
90634
84470
40570
40797
31453
34451
9523
70989
8343
39635
72476
63729
57826
74093
49748
53465
68259
61544
79537
14372
23680
72826
3097
47367
33281
46625
51503
43414
33300
14749
61835
62770
4778
5833
44003
35247
6016
80852
86661
76257
69976
61664
5927
56067
15077
52150
51765
12451
78790
20388
79273
9677
15433
73685
9657
99410
9681
55851
15466
18517
31250
23611
23139
12179
79193
99461
81020
33964
67881
19438
46837
12594
63680
48252
7459
24237
17112
89165
3557
69128
7305
13300
25333
88892
9995
22226
22681
39638
5306
7789
71001
72680
70482
5135
12300
20521
75130
7614
55627
66313
73117
57139
68903
9782
62259
69881
36022
72420
68414
1284
16072
53692
67312
21292
14680
3588
71146
12932
6558
15527
85471
83323
47905
51552
29816
63791
65193
75720
50480
42217
38803
91322
23871
16280
38462
24927
6773
51789
36067
33820
47996
11665
84225
8980
59455
59167
11542
70042
70889
88033
16074
55
42726
88906
67172
75892
86791
52173
47456
81893
51265
40633
61529
86610
64980
63506
63072
66307
58473
23916
52142
13256
91637
34022
77078
63874
80027
24033
30483
24434
37421
67164
74209
13563
10898
91661
96072
82774
96355
25694
94163
8402
41808
51490
78079
12550
65920
66515
15375
66613
8533
63721
61788
35101
53422
57496
44233
96924
71782
46663
60660
75135
92057
22920
99721
60264
85831
47193
96209
55643
14097
87734
81927
65445
95297
59673
68459
64554
66406
34896
44112
98378
65372
53560
37744
36494
75178
63963
58271
37653
91589
100
87548
97686
4370
68027
20676
96081
67593
14753
2625
25270
54901
21801
44416
53649
70200
59601
45696
51537
9227
27132
96710
53268
67074
98222
99534
497
67918
99491
36924
41729
65661
82188
68432
57674
38172
4743
57911
458
9372
68890
63198
94140
26962
30507
38530
29514
83544
34975
89699
60624
53074
37933
62583
63560
36811
7966
57882
48984
54014
9060
54115
3828
12560
2516
25490
92657
15706
31169
79974
6535
51364
14807
41771
93377
86765
92368
17520
71909
2759
35862
96663
15322
54368
51734
7877
7611
14299
56189
12025
59127
68540
27314
30745
58818
57571
41391
41704
25756
5392
99102
38677
6364
97829
32908
30636
85113
36713
61900
91247
49940
14248
60363
58816
36293
47320
45707
32821
35488
13910
53534
12814
25156
88655
14337
96098
73472
11067
35250
54229
83586
25891
8656
79911
12605
28195
76110
63238
77271
9131
71187
58787
10125
32543
53745
59714
97475
9342
89759
71467
82379
24224
47573
25885
74512
73081
14756
47234
42849
70938
79376
23550
65973
12087
38092
2369
11615
2274
30928
32444
51087
92918
21912
60880
46690
49712
61212
47042
15624
24696
14280
26602
18512
36126
71639
42379
80242
80574
45521
77117
40728
9158
9886
45382
18122
75375
63237
40583
25845
13990
33222
9042
86583
79279
78865
6618
74825
58047
78017
24739
18857
17128
91224
85432
84963
43154
68279
42555
27772
94724
72410
18966
13083
64161
33839
5649
70933
78703
73745
77629
96563
90164
42053
55117
47937
19289
24976
83492
52469
82192
58867
2505
50490
62514
15652
84887
67865
39585
63754
86833
12515
96908
84405
26643
38173
15473
56855
31043
87529
22268
99075
390
61421
39694
73857
30095
17762
15001
30410
61811
8826
82663
20902
82872
68239
72379
16960
55820
91204
39823
31619
30801
22683
63836
87604
34774
96979
33336
93451
44289
21338
9370
82254
51784
21527
62265
9196
28159
58573
89682
15892
96939
50349
36105
5967
40245
9531
39174
56096
36954
97082
77280
9239
98464
3863
44056
47948
58691
79439
26940
5694
87950
69694
75756
75944
90949
48645
7449
8892
10206
72215
7945
17504
76848
24384
19640
38338
2915
3123
37976
83288
49479
79150
93753
19736
61217
59756
8099
37137
88576
15495
16704
59173
14574
20743
78999
40995
17698
34732
76979
55557
30706
4724
7714
92899
83845
47721
90201
90801
25158
83306
88053
99996
55861
54452
24636
61341
95192
1965
65026
76407
39759
7341
5159
56339
45381
75754
53246
47189
86690
81598
95657
49786
44637
14551
18560
78033
34319
87131
49712
62547
15139
97589
3552
14080
17673
84672
21806
89591
58794
99471
16120
85394
50069
73911
71895
89052
952
86746
91302
43760
89643
31025
74496
37423
72838
693
88103
21789
34546
73994
72545
81753
20189
98728
24189
31895
50215
39559
8820
63164
64954
62694
7690
76022
45910
43736
68979
66613
76554
65740
22898
33993
72543
38776
56957
20409
69454
16194
13020
18301
45330
89162
51537
38233
96824
50358
96689
78199
8851
58811
6480
800
26412
94534
41147
87958
57270
41797
54911
81233
44191
11220
56775
34068
57379
50695
10242
84235
60379
5073
61763
51748
80946
12719
24514
89831
76504
33332
40000
36627
94160
5202
72487
85494
91940
41410
45712
99912
3352
95824
45407
98053
81052
87974
17064
37861
49819
42835
32405
8986
32848
39095
1887
89797
67864
27630
1145
64277
96002
94582
12205
65150
15843
99807
80638
28850
41127
78575
59340
66142
8898
110
55542
80708
57380
42389
92538
29520
13034
80014
88152
44153
67089
32679
84501
20342
1286
90169
86651
3994
58105
69648
22845
19533
46512
32118
61271
937
37400
9888
88628
97998
5590
82420
38602
96162
68987
20181
83937
89417
98549
3822
7633
89052
66307
4823
67912
38761
97953
52358
42314
71751
58817
60309
50707
31636
97755
35915
99512
51118
86779
56586
62476
34186
33336
79349
69118
18612
61893
86876
9439
29635
26881
57285
34050
15000
77769
84569
82045
94835
95821
67528
55435
81042
6527
53177
57971
30312
71623
89074
29348
63573
7700
89441
44599
7015
12174
47493
4374
94413
17959
83420
77403
53652
23311
20745
17905
45920
30471
34561
30167
90184
80813
723
97027
56495
62390
44338
73347
35387
18042
13728
32670
69203
22920
51800
58041
31961
24730
83064
6454
93506
98052
906
51831
82030
17926
84397
5344
64361
98497
47076
33275
68061
82470
2107
92724
2641
72682
70354
22500
90465
82102
82120
85100
8571
9658
58724
37719
58612
40385
44610
28290
36326
82688
8665
32280
2311
22793
1221
62453
6758
28124
10966
11788
4612
74652
54389
59428
49900
67647
14509
96669
56240
75519
57405
59600
69474
42895
54297
89301
28588
66343
33240
23774
5325
1024
83230
61089
15729
87867
56454
22579
36939
8859
49195
8015
25201
97971
32307
7989
92564
90682
15641
81136
24379
3387
40149
22160
6363
76777
12330
14486
11189
89456
75949
74702
19404
75559
57965
28694
60961
30273
19330
4189
90637
8226
94582
80519
22202
70927
1547
29869
75071
75774
37736
91073
6390
621
98819
21743
87227
2830
93356
24383
29667
77664
68340
23542
74710
53305
57209
73564
81867
31615
29615
70009
81887
15894
87084
41145
65138
69939
31600
27823
15550
69743
93070
1845
79540
72760
89628
55953
20437
82753
45011
68339
16170
23130
34915
6682
28224
19962
151
27383
57795
55832
78976
54794
47734
88026
58336
92872
94060
34564
15350
36222
77671
22866
75169
66543
91403
60929
27666
27193
9053
70599
27891
85462
55421
95939
48749
60799
53373
53391
23803
74986
45181
16850
12681
68980
69285
46258
5032
63161
74462
90662
17073
67168
83533
6058
27059
46228
50381
96683
31035
80205
19688
44131
50207
37006
24370
70303
70631
44167
18306
38075
41112
41306
77933
52303
11678
1786
51200
80674
80374
56368
33530
64157
76213
9752
5669
12795
86648
45640
13231
82908
30729
75376
27881
94745
26027
63324
38811
30513
45699
34871
36193
24546
18179
74826
50183
81652
74867
3970
91996
91055
29086
81520
57942
30988
77943
75241
32802
53001
71174
59726
38437
26230
39058
61670
61685
57389
95148
3463
77741
47519
37782
7475
23729
78728
39439
61823
37694
82948
65405
51791
78189
77404
20373
33757
23940
57657
92073
95417
65656
35449
399
58346
5764
31966
16521
87219
70815
80804
48310
55664
47388
53483
70293
37536
78819
10834
53586
636
70824
74117
60974
37797
73029
74413
73487
85724
21657
92422
27809
48587
53820
72942
77127
18273
50718
36120
97219
5755
63195
92480
97693
67806
41212
36026
70227
68224
84718
47011
62174
57670
62487
61945
62428
48488
76250
98726
52319
81681
28073
65336
60626
71459
11714
25068
41059
89591
79655
94248
45426
73538
30590
51112
85460
54291
55937
79503
22500
53848
84291
9472
19783
48833
34849
93701
10170
79484
11104
7436
65179
39679
76104
91762
56752
67877
75612
49271
29015
62223
3573
27505
5291
74828
92571
8221
39472
39091
52607
11504
23612
67373
78840
24907
76866
73775
4792
63885
9852
92293
35242
2082
84532
60235
86794
79066
84239
85173
58016
3956
59447
48622
83355
94745
14403
21501
82407
28357
32453
59843
40970
96383
45648
82945
13408
8682
36035
53559
98929
36181
78391
23047
27948
29421
41121
8472
46691
73266
58116
3734
39298
63686
86838
17527
44652
32482
8589
46617
63861
83875
53734
99974
10774
13889
70674
57017
23120
59072
98206
39355
29280
6080
68477
81894
81083
58511
66964
82635
86694
43455
37537
28782
11413
31698
51465
76591
87870
41040
94365
72132
8153
39099
19048
45409
48022
4954
31704
49882
29531
61874
24070
61055
63897
11411
48003
24486
72042
38222
16514
27143
67721
69700
73372
60768
6061
82746
29859
55129
65891
89513
27079
7042
87368
94610
94783
89432
20160
51630
5813
45798
81654
37763
20016
59496
56272
83538
5150
59403
3949
67533
2110
64721
18782
37895
58728
35280
74911
7044
96986
72218
58801
48655
56703
48599
56949
20906
74750
92942
93382
24192
84893
33667
32532
83671
35599
93178
8057
30113
59329
66042
9625
40593
72989
20236
123
87146
44377
41571
72510
11571
23711
52085
99994
91655
44730
83143
91125
68554
2234
76520
86174
62389
80324
80628
74953
89618
5593
63192
54087
58499
83328
77365
10210
42941
94131
16445
2418
13170
42659
77883
5727
9900
2345
92143
97395
24725
52490
57303
91067
403
17510
51529
22266
21969
3390
69980
47306
49561
18047
61703
62480
12510
78479
58657
1082
71541
34067
10503
1848
26115
14522
67165
71413
69393
23818
27372
24304
69213
64101
95977
44091
18539
12279
17621
50639
26424
97855
99329
96682
16879
61528
71338
58918
53588
44675
34786
10679
53149
68882
51439
69473
13441
39379
93229
42356
61384
15639
34766
54405
4355
97182
59874
22890
60469
11457
97394
19665
12942
99228
22917
64957
82808
49302
39078
51551
84234
54350
46173
68365
55674
46116
63929
3777
73583
90113
15535
43345
86965
33379
12124
17350
63434
68329
49830
3099
26517
78232
21089
79924
52758
60648
23374
97528
86936
18926
84702
9005
17763
72262
69620
63439
97871
13916
51144
31980
38323
72663
53479
22687
89402
43748
82424
47559
74231
91642
48794
53603
25519
62831
66697
93996
63829
56407
60351
89487
46868
12563
32791
8197
92197
93694
556
45905
1088
28335
7552
54646
65935
68875
82009
48435
40285
97675
58086
53595
18286
3078
61536
28821
66184
92795
64555
7629
83439
86685
66812
92821
7375
98106
95636
69851
94002
63050
69322
69320
6641
23985
50790
55283
90343
80401
31338
1952
97825
58511
43403
15352
18098
81375
26621
33733
3235
70479
91950
11530
49480
41678
85736
71742
23181
21975
30650
76387
44207
10878
624
6215
647
62837
65374
55126
6465
23035
28796
10650
38891
71170
619
50864
94089
13051
40566
39944
94629
48544
83156
48185
5187
99646
21769
6462
92051
82589
83276
97649
59776
69390
56100
7491
57317
99216
45355
51157
62495
7646
32212
61718
92126
39225
85001
27289
14901
70317
39789
43665
46256
61730
92993
56461
16325
20834
20706
12394
94468
22946
623
15353
81128
77486
20040
36271
53231
19158
34354
95522
53798
36943
68951
55015
1406
4583
27210
57861
68411
82121
76520
54613
67722
85673
95962
48665
60882
55180
9207
53078
94308
92919
99782
20783
36557
9555
88354
23711
67370
81498
15478
43731
76570
56129
71554
53903
71585
35601
12201
58782
3651
85193
96007
17495
35656
36994
23506
47566
29554
45996
55957
98935
94195
76054
27559
41969
62960
13268
37640
4953
67921
29436
46138
46623
33864
23146
95610
36597
84635
13123
59769
91524
93423
11990
35484
57241
10643
85086
76908
21277
19847
37061
5531
47586
49640
9251
43188
4825
69305
53156
71261
19616
96366
77127
4428
28888
68184
5186
54307
26581
81064
41315
93961
33647
7074
274
41575
28246
91712
38546
17916
17506
45983
42214
2877
39048
86122
15568
4748
28808
11554
78100
44691
12227
32711
17724
22333
66635
86245
30997
10834
26162
81181
48086
56653
12772
96847
20928
40284
6193
53057
14881
64212
3714
73807
29299
53486
58701
74479
62945
4161
22692
70591
62346
42909
60743
29325
49342
74177
54106
18083
30693
56890
31761
39086
26239
10681
7687
46025
27782
46288
43438
45643
12431
75432
65857
3401
21648
25250
75670
1161
30107
81384
28175
71972
85321
50191
75759
94615
70738
82124
90633
84327
15064
26064
80308
61486
99299
78177
26908
92710
23335
59638
22354
91537
85569
35278
2019
98883
91297
12750
55686
95148
30978
5302
66382
31302
34004
20958
38047
42263
9243
25714
29118
88739
32272
41031
45793
89170
25509
75897
31526
37593
82278
38978
96160
34536
46363
69529
42955
39216
45450
57221
78657
23022
99129
22525
86981
67096
97521
98045
78140
34978
58654
98471
42459
57421
50355
47091
96956
28238
61706
36532
42282
57431
54505
40265
91772
52420
76032
10973
14335
55779
78831
23772
71947
70113
70309
77554
72439
10381
46723
65505
21545
93484
54430
76670
45990
35672
29347
12233
57959
78581
52790
6888
92812
69810
22131
46463
51083
74552
13813
38605
42241
31219
46324
34278
97417
87929
41353
17193
73834
32731
24238
83421
8714
65416
26144
84237
88801
80568
2854
99068
8200
77532
11884
50279
85360
3616
56136
31926
30479
12057
41149
10911
63894
79377
39869
88343
54174
84268
96362
917
3680
89270
32085
73605
31587
94059
32520
8166
88496
91074
96415
1409
88866
75351
58800
9446
72538
4435
41483
83173
26222
24155
39517
4229
70945
39346
52943
58180
2382
22988
89131
9964
62206
27280
49886
54606
10297
12392
44793
88062
98361
55880
8146
36363
81338
93177
51079
88153
10733
45665
36450
87037
72524
68145
12760
32628
3272
48715
43628
24384
70077
68365
27441
80609
520
28030
17932
76652
37391
36980
10775
23498
99710
18656
91586
52015
57746
41751
73333
64372
23214
21725
16784
60756
32779
32720
34003
38273
58989
16462
56345
79968
30096
24644
99135
85223
19105
30549
47075
54961
45865
5411
99944
10204
95844
28317
51765
39680
39856
62852
925
51083
82049
85340
19481
47549
47153
85740
4241
95998
91445
24113
76763
79063
25418
50981
47226
23060
54158
4968
13607
23123
59180
95336
14765
55721
98479
24947
41582
78098
24439
93142
21955
55954
85258
97744
24225
86829
71425
61944
86455
88384
18659
24647
25236
53882
33808
73476
70437
89626
46419
60651
95420
32006
68859
87065
81164
74821
97539
74262
89649
67738
89932
83423
53709
25117
87372
53774
97964
70039
25024
43113
53289
62331
23517
57092
67081
58108
13572
19764
23717
72142
50676
47282
95046
52381
41242
42343
72521
17220
5187
74202
61154
93259
65810
62323
28092
65696
72396
7307
11742
16400
79376
61811
57418
72482
46277
55101
63263
29489
86732
87178
78782
92772
9525
30993
20329
55788
17229
75753
29159
87641
37940
75475
68421
12569
66893
49735
77206
54318
63822
36986
22555
38059
20855
1353
68318
6155
51488
22148
37912
62510
88843
98874
48147
43344
35097
61564
31849
68296
95897
74993
62315
1946
18298
90582
28958
41337
92257
51151
18719
57085
29878
77711
23687
74204
86745
48288
62538
95113
7346
35311
730
65670
39878
9879
3784
550
87749
10888
86346
51556
23681
82964
35352
99130
32697
33142
5905
93023
36243
34463
90426
19167
22056
59710
80198
45400
30520
93931
64018
57903
70271
15665
4455
79789
77984
1110
77506
99930
30013
89928
95952
71220
2025
92261
64051
91276
61812
47591
99746
85437
33254
53066
86508
14922
61703
47963
14653
15250
21786
53823
90745
65523
96394
41726
8165
29976
85373
6954
5029
90336
44805
4240
96000
27245
67893
19705
45087
53029
12465
83645
53237
937
47358
20613
75673
34928
59896
87323
43406
66623
59170
36240
14979
17511
12984
80458
22806
75099
42497
98120
49876
14476
76065
84212
65116
40739
74506
44228
83457
14426
7410
95724
5710
80439
44735
79235
37347
35430
97951
98928
83262
72626
56245
97810
29813
57728
63949
14153
15392
19849
88817
79812
72852
84401
21076
21160
39433
15272
63179
71961
17277
9597
27676
87144
31665
20122
78222
88601
63409
20928
46880
65968
88561
98496
83797
58872
82131
55282
64333
13808
9893
58902
48336
63410
66888
68613
25091
16512
57067
91218
19036
84813
43413
47075
61842
61030
75906
52902
87406
22907
27013
74706
45598
87086
60523
27163
72552
78903
42720
3121
99964
10257
48683
71094
59842
35237
48148
57754
45874
31185
51431
56309
32290
47060
85776
68672
56922
68824
5669
65296
12707
6941
35203
73456
30654
68190
3377
88698
4946
73442
26433
50961
79485
97346
67029
21790
88267
84370
1822
56390
87844
31693
5631
98276
77984
62721
84560
62664
61718
79988
12126
82699
74066
43730
15920
47950
14020
148
85445
76942
49109
3663
84089
6822
20853
29078
75303
4578
9936
25644
80391
71611
4255
7530
88408
17491
19546
58249
9913
16495
53547
65645
76050
41004
10782
28431
1360
27807
10516
40293
14317
2733
2039
64047
26189
20068
88328
67041
8964
40212
42452
30760
91190
93134
19909
48795
38583
77911
77973
32352
14800
72840
73789
72599
52035
57446
40683
57575
65862
17849
93170
14403
619
85259
69307
37049
52960
18591
11098
56407
82482
43819
99419
42010
38317
39411
40155
9556
9022
18019
59411
63833
77689
92489
30447
42119
29462
89677
27613
71727
94742
73006
36577
38852
52228
45403
43270
47743
48919
76554
7118
33964
45620
55000
75338
57621
82768
26046
94885
69833
95602
3852
15674
70217
17143
4229
95079
70031
1328
45014
19193
95387
36582
4820
35366
94043
55197
41009
64986
38294
118
38171
1161
81077
61902
34321
18852
81486
60708
67523
50566
65071
42040
5541
12206
75332
98127
26959
46599
78885
38739
8724
58306
75710
22935
21085
43365
21788
5240
16706
66397
87697
10495
68260
911
26917
69316
86218
38061
15577
52652
84885
46596
43160
29714
97698
79921
60381
75620
29756
11348
13179
73284
40732
15804
34829
55151
80734
91650
72091
40411
46593
16338
87813
22681
78970
83620
12975
16026
70293
10537
63914
76205
14026
61313
61914
92422
5336
23561
22089
13595
15105
50033
64903
70600
7713
15180
90172
5778
47275
5281
24812
91624
26082
12222
30086
88838
65042
37036
73257
78323
35273
74461
46516
46059
68981
85986
61256
67063
2554
97561
1755
90359
70896
57284
87548
28161
49015
9269
84606
39907
39224
2693
91556
67077
89306
90020
48551
45962
15230
83850
43047
757
57687
26348
73963
10377
87593
46698
57622
85608
40413
71142
84905
32093
14782
24431
42319
46037
49043
65275
4712
167
17465
61075
77974
38165
8381
81800
75422
41226
17811
89347
50651
38627
74293
14362
50181
85259
70555
1503
65912
52063
80404
30098
20901
12624
54463
82199
79986
21862
70504
54658
23342
60705
14882
60623
11829
77531
85533
77102
16476
27178
3877
85275
70426
71714
13559
40108
86772
98294
64448
48995
9059
29886
87923
47683
67875
15989
27751
39328
24123
71610
14251
65807
81252
63062
37511
80316
58519
78493
10736
44443
57272
92525
6727
31638
58777
83892
24656
21413
7212
33966
89098
15931
55145
96171
47695
10429
19256
50767
38441
68397
22684
87155
25519
88869
76669
37386
9851
90816
40719
30366
28554
91250
7396
11832
73519
56343
51435
52350
54580
63593
84611
17078
94478
3435
25792
37097
24731
14946
24792
39779
39259
54884
15435
90711
37449
74312
8397
19999
38868
62397
12786
89633
68606
85815
55412
28910
74768
85604
78308
17156
88184
60892
2027
99923
94624
46839
13851
15804
45356
32248
93175
14388
61552
89639
24443
22281
66667
27165
46985
92796
40388
88248
914
72428
72672
15790
81982
95604
2589
84895
86776
23946
21871
68035
42584
22056
45556
17762
25198
26823
74709
46818
5512
67815
8411
30267
38400
42220
60620
62407
41189
739
67841
24693
36421
97570
16229
92348
65428
9677
15852
72428
35387
52628
65613
40321
38624
55578
51166
54289
11597
90224
81610
94021
59456
94816
94546
69444
56495
83174
95069
26858
99669
74840
3389
75703
18301
79847
24736
74532
76298
89853
53935
46961
45057
99078
11335
58298
34292
39372
49585
88104
93068
36090
63424
74147
7826
6722
31335
37541
77050
51706
10772
49514
13644
65952
98573
30820
54448
90207
88134
22922
53686
19146
52124
84336
69727
10149
80560
19090
88939
82499
89155
10411
24160
6697
29355
13858
97075
34737
29711
48675
25591
12012
96549
91084
51007
18623
64773
47358
13905
88206
51850
6195
15818
90742
58309
82959
75464
71667
73021
34318
10295
25730
4999
38589
96891
69153
90909
69669
31063
74003
75262
95522
96856
15551
13411
40211
89506
53880
45881
35082
25077
64760
38720
53346
19706
38533
47551
28944
39024
82453
7105
89009
97645
84814
17904
37987
24083
43846
43500
15313
16434
99561
92232
71206
85299
20313
48738
25251
94344
77616
69725
85163
84974
60929
31069
26107
22364
53852
74430
75607
22155
99568
99633
92640
12897
70122
15571
77153
39227
79836
58988
34665
37079
90393
47041
23603
96827
33981
60567
52608
96486
79658
20069
85255
63473
80653
50996
87971
42018
37790
90550
26282
79821
18630
992
9405
59750
73563
8997
70907
11335
74983
81936
84081
75610
56167
20573
54956
65381
12143
84629
98991
99024
9387
36421
95200
87795
26688
17178
91516
69952
5136
65242
15115
46058
59964
18658
78734
61841
95397
51096
42389
78219
95851
55052
58413
45681
92182
38224
84726
1699
2419
33393
44691
69785
7446
48880
43451
85511
99678
48930
29644
47755
56598
2240
25791
53751
18743
34444
31382
47093
89259
83297
36466
60156
25996
31989
44674
56846
18795
36014
23157
10443
39853
90557
60785
43766
48591
59036
82236
93313
4075
48672
56055
15319
22771
97915
88106
97446
26617
4465
63066
61864
16273
93428
37655
73740
28494
70270
46675
53798
14441
51754
81037
75983
88225
28368
19115
62746
91580
23195
63430
73365
48011
13417
67743
53176
21675
42654
81648
31981
91816
38373
5565
27772
62652
1573
23048
26129
38741
7803
9892
42860
2325
32154
49922
197
34515
42396
41735
6490
69119
28835
9663
62711
17314
8304
42282
48417
40867
80159
17332
28607
16134
95901
18883
95621
2864
89927
34217
15134
53253
74241
22969
89077
45170
36048
38679
56096
78343
70773
24072
46666
90524
77158
2345
95676
96308
20106
37115
54951
84063
60816
42395
1520
41337
60781
15472
87288
93584
44272
53310
18503
85219
33092
32023
565
44581
68033
64145
95349
23617
81839
44723
90462
80664
7929
83177
93910
77221
87242
72567
77341
89506
34758
6889
59188
56100
33863
89161
89417
11328
57683
79882
9184
61329
58678
82529
3583
83058
73634
45268
55286
16101
82719
16266
14217
66198
26640
39874
13083
98138
13540
49824
47097
63793
26421
51746
40544
16010
67137
27089
18732
37222
76675
95570
12606
56436
96686
92252
66504
34140
34053
22436
1560
50487
76185
57300
21344
65403
61375
3482
38974
55093
87437
32508
89837
89327
10418
60234
96102
56817
53423
57164
33492
54627
44182
62202
84275
33008
21181
17162
36516
743
87871
9220
88528
72443
73039
38194
21078
39755
72954
82739
91155
60955
54104
95918
21389
61697
70798
30980
82876
86140
40612
96766
38581
75677
19550
76934
84117
53002
62649
13809
54150
56216
35972
87545
55281
33814
52792
31721
33408
18281
40053
57202
92430
91025
60314
9051
80046
84330
47168
30741
7989
37614
30516
87916
69445
11480
75248
40697
18295
96420
32501
12916
66083
60754
73415
88103
86575
75498
79845
86462
63890
32729
34083
58363
80452
10009
83046
98758
24228
11311
27707
52385
35141
19853
56980
80857
51414
60536
90720
52856
12365
97572
65766
40376
15759
80539
69950
59474
96830
47132
84332
56020
22879
90912
85402
44113
66855
5848
67312
81267
82658
10995
47283
99788
70592
7708
14007
56937
54237
86111
55650
51879
51915
26380
62143
31232
14045
18708
79356
8030
93490
89040
16705
67376
12765
30050
22924
10266
54925
17491
27597
24902
766
32507
65179
32665
99419
66719
44914
48961
72941
95476
17546
80330
70885
50913
96181
91056
24194
14467
13780
61134
30752
67339
30486
94101
26909
6402
21423
60824
23017
20460
11345
14756
27017
5610
98857
69133
48456
99737
16088
33540
22139
9977
42508
83301
91023
28616
89339
99372
72114
33900
79612
99239
40762
51183
75266
37895
32950
81252
53045
17200
82863
40969
91470
97616
75354
59813
2735
13612
83165
77680
829
4566
87483
18738
34780
27387
90782
31587
87653
47896
92960
99986
11046
45869
8022
14242
99606
29450
86042
45070
68531
2534
19987
25932
88218
45198
62147
15215
70307
95290
82125
76103
67926
35035
6912
92388
87725
4049
45477
29496
17640
33401
31969
96090
32487
40964
70311
94662
80552
37634
24573
3425
60637
14013
74409
61659
1801
64931
53849
86925
15863
46395
61804
28610
74646
21880
61887
60274
57109
55403
93112
59370
27671
69042
99849
8647
20531
24943
60929
75488
64940
65300
79477
1092
93735
4890
38054
10072
92622
47281
69039
14051
10368
9266
11662
20677
51890
17264
96524
15009
69575
64269
73355
85724
78663
19496
35243
59678
58303
38835
81240
76405
820
4355
51540
75192
31973
68962
27037
13737
90525
89566
29530
18612
80594
64996
14119
82068
26461
8295
95770
629
18838
70426
59474
14868
85643
1726
32444
78498
91260
82292
27105
84167
823
59220
31247
44644
15371
87574
52417
69361
45963
43726
27502
89029
66177
58165
56620
70611
33612
70626
44318
24305
27895
65591
77889
48596
39447
62392
30895
14200
24417
26038
63854
90588
77382
96842
57689
81482
52717
11805
14888
99027
83147
73283
27230
42585
68865
61385
28559
87270
3185
50340
75372
18970
70014
63656
6221
41122
15776
51706
19001
52739
55617
27485
91637
87447
8023
65096
85415
51182
78750
21625
48869
77333
25937
48739
19327
30708
43333
66755
95846
49873
66851
87025
18391
31379
51967
86129
58952
31873
62489
24872
48782
9384
31984
2668
69993
54491
76286
70453
21165
98389
60852
71184
76077
88954
23826
88626
18373
88635
16675
68072
76676
81785
38931
99725
67508
10144
25230
53654
15112
95989
43447
7271
15778
91179
93377
52296
3870
16942
40814
25906
88670
72706
86369
80260
72018
72934
19842
18866
87907
27890
31214
37244
23869
40992
69271
63133
36343
17319
24831
60026
70048
36097
89517
52634
31560
34767
73610
25877
5224
32563
78203
39941
94159
63418
68635
26297
9258
82940
85843
46985
5038
91388
46809
7811
30437
33323
87939
79364
80659
25481
68870
35938
63812
60971
9904
32262
14325
16120
52189
74551
95931
97293
74138
41169
72755
76161
80788
31669
31847
85186
63260
54618
50522
49470
53913
52673
56177
29598
18186
41862
56477
38381
87575
27922
27977
72758
59698
35469
51964
1035
98416
91057
8300
29506
86398
64123
99104
34874
91937
53402
71935
52187
73102
86633
76826
9499
44227
34329
93843
85149
50432
76647
66153
13428
11141
17966
14721
70022
16810
48245
52402
32940
35189
38409
88525
74709
56155
1541
46184
72873
310
49901
62949
47019
49663
9499
30595
48152
6569
18512
74593
48813
858
92044
3434
73157
56294
23737
26114
30431
17001
26786
33707
79710
42337
82049
34228
37930
42086
34165
61183
3923
48615
19314
98734
87062
7011
49907
71337
28345
86016
91146
43822
86864
31019
7640
39317
85826
51500
57721
56479
58309
45477
69366
30395
1445
63304
30846
51284
18308
17234
12558
2138
64188
54632
45709
36428
29056
63756
68053
95455
480
95292
24235
10862
49259
35719
73488
19454
36879
30093
16016
71436
42652
55762
79319
45173
26310
35006
92259
42849
91497
41524
65493
28109
30407
9549
67841
27060
35533
67921
13061
21914
55636
76849
59543
54613
99875
22723
35830
22488
67665
11099
42402
81789
136
94179
93640
96750
47333
88343
91062
35919
74140
29727
7533
99180
80025
4106
55732
44603
11617
63715
94824
15950
34135
82611
59441
99255
70810
64499
42128
97240
54059
15275
38421
88678
10349
51628
4589
29433
10917
39175
345
56435
54401
42248
11546
79050
27541
24370
75240
22612
41440
23832
54337
59950
98637
37109
42846
96841
19062
7209
78145
57041
70594
52497
17899
38043
34127
20962
12331
55275
42667
13473
36081
76511
39164
42434
43936
14748
33632
9915
96929
72979
9390
56356
70580
60495
95323
36525
68194
16445
34297
98907
7854
5753
96378
75169
21962
64593
27890
65304
19621
21528
99514
15771
49506
90089
98097
89281
81156
2582
90493
30679
7397
63212
22863
13657
60230
53508
83365
45581
72577
20073
36425
46045
98234
53633
51798
55823
92948
79675
6490
41026
92127
77939
40919
48135
44687
97188
58980
33146
58121
14859
16433
40699
30294
75827
68903
55790
1338
29219
83310
83179
72382
28768
89672
20002
95945
15840
97146
63439
49069
12173
65579
82613
95390
20305
26373
21499
48637
83876
99897
12256
94131
61904
57503
70652
2649
24381
21403
1396
33492
86046
42810
36697
69150
10070
39164
24638
54303
31592
78380
29365
94075
95195
39914
9477
77285
1158
33865
35753
90257
39773
76340
66696
54470
98488
63788
62668
75346
55388
18669
65825
29112
24425
25039
48684
35173
55680
33191
99398
81313
558
32909
30196
13184
89433
2937
9124
96312
14821
51815
15718
60748
42340
61529
42500
38567
16504
60155
9376
70789
19462
4130
84873
75819
18617
76078
17753
87959
96816
13263
16141
1522
9093
95363
92962
58753
17723
18653
27817
62683
82307
61154
68710
84757
60459
70700
56619
34649
12868
55185
37100
30133
30222
73886
80447
80880
42914
69725
2674
42551
75196
62807
25992
91766
2627
10546
82673
63714
70870
85722
19333
88755
30708
23582
48925
76750
41160
49554
37519
70144
12847
79154
58692
66760
27016
20102
73495
3083
77720
78432
7980
54603
86294
34338
69098
79793
84377
48253
65014
84999
41020
48309
52174
5090
70539
25376
23295
69757
82926
81261
46788
44929
52271
7361
54171
62144
72584
79356
24389
39393
53678
38010
74650
74005
12820
71766
67111
49480
25630
74345
82214
89203
59011
35632
58519
85871
98397
61964
62400
63940
41201
4802
5310
76671
45973
1826
88295
15138
23715
46021
55166
20789
59321
58608
48530
54682
77641
62102
78580
8926
2340
41913
87699
82699
75614
66384
7029
70747
19582
10757
16500
49415
55077
37397
434
12670
49720
32666
21339
19185
18603
72358
62742
50315
66636
91077
73959
44125
21513
78533
86116
83383
77888
85874
12178
55059
97697
14554
84699
48876
57665
12047
34862
97964
55230
24619
68788
51906
75658
36077
91402
74706
37206
17281
34112
97479
7580
94334
97837
76260
51209
73033
48364
85528
59333
55896
37559
63151
70176
25648
86206
21157
53211
38159
82788
94389
93040
92710
72663
37360
1248
21182
55338
29418
80183
16444
16048
67566
1213
21631
97015
80529
96091
76677
14559
28804
3592
38285
51350
95843
74512
92440
28657
8298
84032
36073
5704
53127
1904
81419
68399
71115
13485
93362
35789
72059
35298
48153
5019
80131
95298
75115
18010
41481
80373
63965
22129
18111
27933
45144
43490
32210
76771
48404
57480
53440
52579
60192
72720
45574
45137
44447
55760
85271
64838
61036
94152
3113
29707
89790
77140
2282
45953
64838
89099
74576
44074
43093
42423
81677
86743
61659
17
76577
92239
20682
10424
5194
35129
93049
32654
25238
47015
95812
15535
2937
97183
93521
89519
7994
87942
53709
99983
11271
42571
48629
95676
39913
59534
42929
52868
16755
70859
11610
55509
72596
64999
84380
89044
77004
94326
58039
36951
45371
77702
76672
79072
36788
61099
44100
22
74512
55656
60812
69953
26335
87159
63835
26114
50170
43797
27829
32109
56372
73165
79130
76964
94159
64063
25456
41137
37866
2573
3743
3999
96440
84834
47925
20630
45004
3167
40522
30161
98352
49187
46430
2590
2549
39063
54398
1009
69285
23155
39973
92261
86388
91216
48671
37264
46165
94475
55881
95938
95721
14323
27444
1274
99602
82767
72457
12485
57477
46735
9894
62292
96350
19949
18342
40888
63118
59391
89791
1853
89007
87901
53189
68736
98072
65321
3116
5615
96843
59552
21034
97691
44908
49211
23067
89020
69069
86594
6814
39330
61284
44462
34525
61395
56830
10041
16298
87621
59084
6373
30244
52282
61596
84773
39833
50963
90979
69996
70917
27571
48853
87152
73849
73745
42775
5851
17367
76089
32364
3822
13338
73536
87244
38801
11346
24001
54355
6331
21773
6617
16533
48635
49233
84284
26735
66913
47269
81361
31481
4396
560
69201
43831
90737
44953
33719
77391
86468
30541
75685
35829
21767
34559
75123
8577
76012
56746
47700
10338
54952
18290
11559
78508
76598
20489
84022
96493
95972
36461
15343
39582
58142
49454
89213
5717
92566
75790
54146
4663
88685
57793
4083
91658
34369
18867
89072
36872
64594
16873
93854
5487
86834
5759
74691
85366
969
11345
28286
67194
21858
82997
512
84215
5046
14629
4139
50226
34515
82331
77829
89139
37064
9910
95609
73712
50256
59385
16394
82980
1720
56050
38197
5406
40143
61591
41282
33494
80169
56940
16902
3802
10863
21986
15001
57767
90471
99865
81487
67699
83740
16358
64085
65159
67338
23856
46121
76874
54696
86004
46070
33465
95026
67017
98283
34259
26449
90430
80343
52336
69450
40767
24708
87697
86016
20790
23117
24498
30246
53549
13372
53852
58661
6386
4644
18040
68646
48724
36280
88702
69149
17802
64519
53611
52403
59283
95989
83601
91918
4312
4631
79912
17183
57965
36906
35074
52295
32118
95792
48188
52263
26630
65288
64849
15203
96163
39497
52905
41970
87238
70747
55438
19428
3198
25938
9759
67152
85652
51591
14557
42361
26025
81621
72995
79069
83067
69389
46034
79354
5766
60919
10026
67869
70472
3461
36629
87944
11869
56629
34494
51167
92489
58788
16927
28496
4148
80041
34552
36541
48751
43701
29755
26822
19124
93637
97539
34231
53196
72449
24293
20044
97067
32949
89375
413
52917
33833
12206
77066
28772
91710
78139
57508
73057
81896
46581
87061
17136
64451
93274
77613
27496
66195
24142
85034
28575
23548
4719
31811
90309
86746
76639
73873
52231
28990
2080
45467
63316
54214
65918
70076
31996
24248
80901
46803
69715
923
13076
85287
89141
1649
27689
9109
48964
69237
87324
57175
78861
73261
54504
90387
89833
64428
84900
31549
24991
25799
68943
71850
88583
28753
2954
60274
44041
46646
87519
72737
20387
99281
63455
282
70409
62474
33674
63336
98439
80943
50183
53731
33666
73197
90260
64379
13757
93451
55767
31749
99064
37859
37970
17855
43634
81247
6773
50944
28175
25964
61934
25505
36948
85789
26075
13891
76655
50527
34592
64155
44052
96788
66676
87649
80323
26447
9942
24913
48229
70699
77725
19099
45684
20007
7852
81101
3674
76162
58021
21691
95058
87631
9972
34888
62731
95221
22380
88148
59147
18534
19280
69506
61232
13178
43687
35781
6642
25671
59378
11430
20324
61951
72186
94261
52377
40198
70626
54537
61923
65679
88764
98741
99702
95634
42199
31338
12939
52268
27446
67267
96801
7506
43068
45457
89982
32531
34979
11683
38996
88330
83789
79537
8254
8765
785
32517
86793
62357
70039
19591
52720
28218
91871
3748
56127
18185
36987
57850
63065
49557
75836
6467
63445
15960
78954
72091
79395
45236
66862
65807
87245
48299
54217
37828
12632
91383
68776
61761
99082
30183
15567
20059
1957
38390
10993
37371
48017
89865
61986
72557
32792
3557
47044
27336
37227
10187
46269
29973
75683
46642
48074
82590
52801
82175
68557
60820
4822
53026
15393
59933
57438
11984
26606
27736
40999
59257
5816
77838
69649
79366
42994
3991
38029
93713
14480
98150
46823
97280
73146
20338
50272
34687
23964
4930
41652
10201
58298
27349
1755
98451
36801
59019
75019
64709
66905
86899
15226
37078
32502
63345
79169
15346
93102
62475
71132
28523
75941
26257
79917
4618
20131
31272
73313
91632
67720
86385
24171
95405
8246
2362
87020
19292
26828
37696
84500
22521
74579
36063
57953
98240
95632
54841
18630
5316
56538
20542
32904
60264
58310
24478
77538
58589
21247
19368
39816
77241
81297
41822
50824
86544
27236
56760
3692
44626
50277
4177
3996
6465
608
39409
22497
15980
68170
68184
58948
94381
61851
84068
39957
77596
76697
22272
23368
33294
18895
57513
94041
93486
49756
3773
14672
24661
17352
1698
31808
69257
35922
31217
19817
93264
59268
62781
32445
64815
66568
68452
82688
82435
22484
46896
71272
15995
82272
34570
53508
33072
67160
28957
39225
56930
90829
48322
18823
11697
10502
8109
19339
3445
34773
1459
40446
36026
34212
12183
71834
59227
73773
33616
22588
1337
97641
39959
20933
7705
62656
77266
42970
12312
10719
5753
61900
11819
21416
41154
7026
91767
36195
58925
44978
87785
12499
19406
85598
44084
51203
96722
77179
12773
53854
80367
36029
95812
16894
76461
6415
36937
16541
87531
98159
10841
83079
87952
76149
50844
70257
36783
52051
92603
91266
2870
5496
78587
76303
84659
48399
34865
37317
70402
85765
66977
98175
93912
89960
2711
65080
26149
68586
16353
64506
92682
73253
28487
64085
12695
78680
56488
76715
83487
3440
32498
73512
71771
82082
12862
19599
99095
39796
41126
61263
2141
85787
89699
10356
52604
77983
30215
81882
54836
76315
17844
48541
98337
94465
29687
7692
56770
45850
88421
82907
75749
94923
3760
99031
21457
98547
45701
99253
33423
38801
41158
98532
55445
40994
43295
59265
21968
49800
86343
52520
89230
37254
44725
85992
45254
75496
40092
8880
58116
88671
54981
28293
85365
62154
87079
3605
65099
42160
85510
30630
29549
12394
29893
41192
94431
82590
54953
17961
61801
38213
58347
65959
99846
82414
87161
95872
99916
55324
4043
93669
81746
47882
14365
41389
54531
67279
7821
74950
30142
9053
14195
33446
44103
88419
58264
30623
5166
41042
40468
56209
51706
49436
41416
29626
90993
24216
4533
28648
46502
29090
34039
48271
88256
18080
27201
62870
98403
86656
45238
1708
44158
46845
7105
11768
78704
47200
2770
56910
86743
47042
32086
51645
64311
50959
83665
68005
92483
2791
25627
68390
14507
99423
90260
36755
95810
75428
22469
16742
57066
5407
26997
24397
7806
87252
58052
66594
2332
35333
83176
26456
61454
72371
39649
19921
38676
88132
96795
61388
9359
5760
39296
5692
5836
73685
66551
76084
28363
50779
80221
33023
36842
54994
64062
32012
49555
75911
47472
11750
7616
96310
41229
65441
5638
88969
85003
49040
1381
83838
19513
35796
71466
94502
39416
15663
75806
96138
73747
14135
41007
59208
11293
31078
70201
77756
70886
60589
14673
59482
37689
53193
12046
74263
24117
56910
79508
67911
18758
83488
73342
97696
10143
74816
26567
38494
58423
57635
62678
42368
45821
83327
98852
89424
72057
5406
63114
67168
38528
73909
19627
20912
42131
6222
9468
18188
74229
62754
30476
12945
44903
65379
55124
53904
92002
852
15068
50475
4208
79932
5670
83229
27016
57231
80188
33239
57924
90317
79249
33188
49697
62503
60886
35501
72594
76091
62716
8345
72704
1345
60865
70412
58594
7165
99865
94001
29845
61941
71930
86290
40313
26237
58692
61988
81800
15502
86027
91263
31892
43413
11619
30731
8347
37383
52646
11607
76809
60178
35844
99490
44011
35215
69128
2652
60971
19476
62819
98279
59085
2438
61144
41783
96517
52683
79971
4504
20402
62717
41223
53263
82779
38779
70930
91225
11205
94906
84367
68495
70414
62616
63719
88171
94185
87345
39093
56036
36214
74282
89445
83061
76893
57515
19144
81661
59207
10058
29975
28159
27034
37314
65473
54729
67567
64515
67060
86481
37617
78242
27364
13307
42867
14129
10266
11320
42798
65610
86363
27081
87383
72260
98355
99329
71610
31528
81727
16360
61333
69438
30773
51100
72882
9024
37808
87985
99778
64560
36155
32121
28499
24453
10265
89759
41422
87969
86095
87149
41423
97598
85455
55886
38274
41702
49986
88974
14038
16546
36273
8989
30113
47530
84623
31058
33680
82748
14598
11532
74793
81095
79101
34004
49023
6279
57987
60542
96337
88363
47228
87343
67584
10065
21381
66712
73930
47284
77412
78880
36104
78396
59345
50400
87168
91796
68475
40967
37320
7288
73752
77438
53784
28653
80205
45286
27818
63306
36054
43229
20369
468
91571
66016
21555
82280
71024
35882
30821
10258
39375
65339
87745
31930
8531
25972
8294
81630
38636
54014
19821
76058
28794
56970
53763
48675
49823
48243
59784
93268
5606
12576
38818
61888
38378
40101
49598
45894
59909
43305
78501
3907
64374
16163
32119
2049
54381
21597
48231
74860
60406
85627
9459
10629
20063
67925
79902
14032
85576
79423
52715
47176
85638
9162
71832
99475
97908
90019
84501
58704
81463
12953
30816
98796
18861
83260
37278
72052
13745
54081
77911
82884
68013
75714
86543
9214
24860
16546
62077
15863
88314
65102
6730
21067
58635
61599
51047
67568
31621
97308
83627
6696
75324
89789
66824
79505
68392
32906
51433
3287
74164
36961
86698
76648
94789
95127
38644
90568
95653
77621
979
45659
29387
47236
66422
33344
99785
33316
2947
18813
98802
51605
80500
81876
19078
23897
32210
92917
91803
51889
62124
56590
19657
41827
60628
6814
19186
26973
73238
53767
98989
50804
36694
47105
7246
21605
42309
15083
67827
64668
82912
94652
10061
59987
82949
21079
42569
70930
15826
55422
59418
20405
38972
35966
12965
11403
80361
67336
82921
19322
27690
18943
68009
56992
59545
79501
55351
50101
39595
71472
83006
41516
28817
46514
3756
45784
6801
69622
43066
85291
72124
24366
29690
62714
23852
68650
50268
47996
93244
75114
37533
16529
34756
12821
21068
96480
6927
81762
4826
66968
1498
1491
86782
42776
61548
11266
76450
45994
50477
24180
21101
27754
87908
91946
89742
15492
24784
70934
48449
39259
1315
44010
99554
76422
36374
38988
10315
12566
57133
66245
49355
26482
96393
78041
86758
10659
25187
50066
68995
50987
57964
14965
31638
85936
29566
12534
3657
70167
37117
21446
26857
61196
29072
91274
50444
31517
3927
74728
52730
47750
90920
47739
15775
95528
37737
98885
32427
87314
72236
74180
59491
40929
73634
3613
59688
40035
78013
1493
33601
69432
39495
49119
37960
82001
56248
85519
26895
21627
88536
87181
76653
58229
97234
65798
35016
18428
76752
98044
12608
6856
53913
87037
77270
80847
98020
18481
27608
55879
17079
69324
19626
26793
13344
14148
57906
43153
59280
47229
23199
54146
77839
23232
48887
4614
66816
78730
36988
14099
98962
31776
98170
68265
59263
93121
72816
16184
22853
20116
39417
28895
76894
58111
34198
303
88095
70937
7738
45102
21546
23512
34929
66551
1039
38852
33645
99070
46310
16333
76622
25329
89698
70295
71853
65563
22866
6739
59654
88642
83417
42506
60576
688
6824
64242
91643
5678
60853
5795
87348
6444
3259
13507
81975
2110
89485
16637
66658
79617
94712
36977
3986
84027
56308
16901
23501
15199
64998
31416
28523
38032
37333
44375
2081
28413
10951
47081
19723
50891
74520
23909
7382
27696
76343
20867
69127
71451
83644
90096
61131
89906
69513
27099
14620
97779
68381
98252
46861
89787
85935
51733
51763
26309
78893
36256
68943
94059
43920
72967
33308
93800
86715
78371
79154
65022
55441
20412
62484
23570
66673
56128
10620
88053
29647
88687
7457
32254
3728
83954
50850
50931
72577
63083
72562
11143
14420
19496
51360
46397
49208
81650
39361
52074
48083
97538
57244
72089
59327
37394
38002
8360
24255
10609
74696
93647
35421
3760
26739
84097
14273
40794
41567
86507
95695
83073
22780
59897
54942
31859
43781
88504
98001
82380
91182
56278
87763
54436
21865
37413
68436
24585
74805
93855
47386
6759
14373
61924
34438
1316
27880
98718
12165
85481
67833
30693
52207
15290
72805
45855
20831
6950
73973
10527
81199
10809
73975
37006
22704
1807
95661
71591
12803
99140
8050
76892
14263
51079
70052
65303
57087
33965
74483
62235
61327
22977
19236
23048
45235
43769
75394
19453
78220
58468
94562
33431
20264
64607
10737
87896
61565
135
4060
90019
7074
13768
8316
17668
13225
40308
29500
204
67197
77168
77544
89242
70996
44968
73236
66678
12977
49027
45318
43510
7513
39921
15393
36355
84015
63392
44750
13622
95982
74830
82633
80092
81315
20377
85958
43801
93861
19602
85503
3113
5906
3569
18651
80961
94695
3233
76540
39923
44411
38428
63812
38064
18137
49297
51205
42120
69560
23873
44292
86478
88312
35594
62601
47543
7963
82491
7526
69505
11998
14438
81665
90031
21523
43443
76992
33938
33084
6673
77424
92676
58278
77991
18834
54606
11744
27433
59171
68106
92950
10246
32998
71586
61198
75870
39824
10775
95646
49329
2543
98718
968
49139
69912
88837
29076
24027
93196
49939
40360
9595
6790
14445
70790
40426
70115
10868
77186
97564
38927
69868
9375
96019
60680
11640
1861
63407
16273
27169
57121
95009
597
4982
34872
8317
66806
47852
70313
76717
4273
80038
16287
25539
10160
48689
77551
56487
84620
89606
81108
16814
77180
19314
92133
2987
65214
94739
35504
16575
96065
69272
96917
50221
71373
35531
7426
15752
90768
82603
70694
57741
46213
37201
7443
14125
32195
99028
55029
97027
80447
26856
8554
52516
36575
39138
59389
86228
74877
83638
11555
51668
70324
60001
24049
19161
33353
6595
62552
92665
16345
67972
64127
67519
64155
41175
72091
93438
30130
67259
94476
91073
37362
2558
50135
72353
85356
71805
59708
94352
70935
77159
60915
65010
52829
96095
64296
54347
47231
19136
44336
29651
7494
3131
63751
85382
53735
35643
21544
60025
59858
93930
55400
76487
19544
35116
70031
37321
76950
73993
19828
26723
68674
297
31443
89819
26513
30583
66734
14789
74210
87816
33310
39898
51563
3637
67764
53928
95550
66627
61648
1730
39991
85444
67837
2999
32261
60087
38791
95936
17522
60042
2170
65939
13393
26495
27160
84117
36963
74317
60790
51244
91974
4861
63733
95251
4987
31701
27640
58598
37138
85970
57926
63421
4916
25486
19582
49590
19693
83873
65202
83147
32500
70851
44706
23618
11192
77679
94869
62563
96776
74756
38358
91172
88127
82565
32873
70593
57931
6464
84105
44327
82553
65132
831
94863
86782
89323
12353
47080
84100
99535
5540
14829
6607
10041
39487
10518
70955
40092
12607
92042
40692
79232
21024
16177
44001
48931
87503
11336
43342
34202
83737
7278
517
17717
31150
47707
86473
44320
82776
11281
27902
97733
24722
90762
4632
70959
9895
72784
3134
92490
58217
96588
36859
44646
68714
22807
99713
38299
53338
70860
30362
18534
46973
92830
52748
32305
94440
40165
4328
33200
59608
17844
17104
39783
85775
9542
290
81898
13965
99703
58662
15549
48935
11599
18064
62458
73446
75833
56754
2416
43582
72946
80385
23272
45673
34076
24513
63075
73856
52562
29040
80000
54965
20374
18573
56666
5680
57382
34883
23917
44548
81230
91957
29977
24621
61846
69096
97407
29097
46780
94535
98248
73936
13341
54775
84453
21393
96556
46424
32625
88490
55973
20885
76883
4355
75643
38536
13920
4936
27085
84045
1469
2722
73496
51489
34082
54833
72422
15830
8825
743
75748
93654
63526
58595
29713
32402
22177
93097
30802
45510
7038
15387
77410
82058
62830
28150
79367
7895
15070
61868
59968
70644
52925
22745
75738
72413
35452
71300
23618
23279
2030
20948
53076
38514
3630
29068
67346
64355
52575
38277
96529
74941
52334
46246
57838
25124
95765
89026
43677
46734
56473
40527
50657
71309
44722
50142
51672
15005
82091
24252
16718
26183
45951
3876
89714
59376
97028
1278
11333
71201
17828
34584
63822
5747
26693
35104
83211
61271
36682
38139
66915
42943
38931
21445
93078
83564
41888
22277
96885
8949
87667
98732
36558
35857
2610
17163
25664
4706
32172
47246
61677
61054
96179
69208
49485
29883
23239
44220
26591
84790
27220
75509
77819
79231
26962
77059
38370
52005
93002
87586
30551
54106
90808
52873
26887
95938
59307
38908
78083
2014
26474
49647
78671
57487
33777
94295
32274
92585
48601
84718
26798
11958
24501
46307
41226
56003
34008
64444
26698
26155
26132
72585
18688
63614
73918
67110
40476
48974
85229
74317
56383
50870
60386
60949
69293
46376
54625
35659
70593
50545
66493
37195
47322
1674
4273
87835
19923
46270
71659
28132
16529
57235
42851
42254
19861
32663
16041
49944
40401
35561
10909
71920
71703
86176
30040
27189
9293
32572
25064
12934
46237
46791
46264
48838
86249
75783
30126
26863
98012
95492
57517
73072
34971
10256
4987
6309
66202
60280
88893
52753
92427
550
97503
34043
27857
55375
27568
52802
77362
35648
47305
76541
47083
91264
58222
46996
35614
57633
62061
76725
93127
88041
88964
96724
27468
65976
54047
49666
30386
565
54238
41160
86540
86521
61621
41312
6639
53335
58222
93616
70273
58983
42089
59877
24879
76334
57571
9128
22590
93964
96564
23135
99353
7649
4498
38466
95849
38172
7028
30808
76995
85186
86193
93679
6202
48792
40934
42484
85558
85645
87062
25492
48349
30630
23915
31952
6445
30727
82427
69334
34699
93147
62375
53154
98870
82721
32989
8273
15605
46195
66653
67869
36303
20595
29464
22330
41209
90389
31668
87243
48041
87683
36908
41122
63786
3057
34580
77843
104
57438
5851
79379
45099
32291
33289
60306
73473
72795
61320
16338
12596
88367
77183
7075
27866
60285
33464
87837
44491
53156
66883
42553
62542
8591
81268
22477
99180
41020
1992
34305
53638
30183
87493
4402
50817
27863
25599
60131
1183
60005
71702
61851
82506
1477
74525
49984
71946
51763
2230
85837
21846
28827
15704
21170
1287
83716
59602
92361
25383
84666
89994
84016
7465
21014
26430
11496
82130
28013
32684
10825
50836
96146
50221
91904
37020
55720
34748
61190
36258
87496
40340
62270
29117
75276
8855
4394
44281
86422
67435
5130
51328
82527
91710
54035
15701
51872
48203
21896
90305
82870
95189
66328
65540
3798
30448
70483
12877
37613
16895
67530
1381
3538
80055
83426
2309
36395
66915
66293
43080
53913
17857
87589
76826
1633
12009
58429
97040
97431
11278
6983
88242
22089
71869
30723
89395
53189
8291
30187
83745
29992
35019
21408
47032
78341
88100
15055
11505
34446
87584
22982
16983
92417
65305
82574
53690
91154
60783
45124
53500
10001
45837
98839
87721
41176
29673
96032
3204
40276
75561
5081
7933
34701
93699
6556
73343
61011
35421
10841
98661
31431
37556
99731
41708
38147
82488
26359
33475
21287
18995
68666
49823
44769
28330
95567
89547
96952
70972
99554
36157
73269
90184
11699
44324
8719
1836
89682
41117
89073
48488
8051
73797
32138
85152
57710
39657
99505
28512
30647
90841
10259
82842
67221
97211
27227
22955
28320
35707
28156
92603
46364
68256
13214
83363
92941
34970
39202
66281
16437
99927
62708
74503
47025
58582
19724
88522
69389
79027
53185
43126
45535
15296
61163
78791
83719
46772
17171
75250
6753
49021
1529
53130
419
26962
6658
37982
44697
76035
52092
14687
35035
82354
77679
73440
50664
6554
51201
57302
90050
38029
72454
97567
96261
96796
83139
25919
7589
1776
14877
88965
97251
2102
32099
84492
9995
58230
83061
65597
70798
51620
75983
63602
64183
20655
83926
13301
44107
88984
85469
20775
10658
63485
60276
16797
925
28786
75214
99941
75107
76081
34926
38694
90268
37320
63533
95525
50793
73521
51851
93028
40797
59712
21328
83077
74204
31477
97181
4780
50767
37233
71251
51266
86721
31013
80031
96726
9146
88741
12737
95486
43157
71388
2072
98491
20575
19866
40941
58234
17839
71208
93144
29303
39612
31835
33138
41116
92352
53799
74616
6440
10311
70891
34872
61322
86867
10282
56476
41868
39952
19802
41744
24653
3375
29589
12881
40839
76609
39917
56308
96623
6129
54077
31760
91258
85407
12122
40778
8156
74133
20328
25275
87532
91239
80521
58752
58020
31884
84688
94429
79749
9779
38964
96046
79223
4292
75008
90476
33357
28149
96967
39225
76519
68997
31924
25032
44081
26745
13728
99500
45161
80592
36861
49947
61342
9060
45231
96222
18228
84288
94330
33112
30339
55929
97303
73200
61855
11978
99040
70461
73171
43088
2442
52942
18087
34398
25907
44595
82272
89758
34673
45419
98918
56197
7658
34058
23329
39058
92289
58823
71932
99427
47886
98080
17644
35667
50407
11178
31882
45972
96314
10777
20892
89829
78941
3015
3666
15280
88796
26693
94731
84451
34673
23996
31896
45384
3378
2718
61688
81827
85892
72622
57475
57928
74126
59881
54563
69847
78952
96879
54684
39253
97970
1906
68491
63368
96001
346
95724
10574
25108
81874
33782
33979
85861
17490
59298
91469
25979
28778
58249
94477
12699
92552
68491
43333
11519
39367
69899
27576
54079
73460
29175
69730
5516
33726
75974
27822
84252
20441
17435
16622
65503
40494
4806
24698
20976
27683
87977
94344
30631
3042
23415
89060
43691
49289
36280
52012
35589
85134
55818
10123
71151
41133
55362
19536
68971
62703
9232
82634
87985
17080
72288
98402
19040
4782
57917
13781
37206
8513
95248
30413
64731
24795
59814
94779
11031
6981
89423
79090
89763
13971
28515
53859
91837
15277
27167
85713
85717
68443
77517
65360
26916
81261
62818
67423
67133
89540
32960
75839
97499
21280
58620
33199
92858
52583
7162
74854
61250
37167
1652
89484
57758
92616
40154
1620
40107
72361
18163
87898
43628
28821
57633
25301
65562
7370
99298
4954
82520
20358
75731
72525
87524
35990
43664
87140
91658
11804
32183
70681
54259
48828
94954
13996
52026
96995
34834
93107
39263
85877
74337
43743
13845
66225
50448
82765
8150
35459
54727
42853
57238
49383
71035
77490
86452
9973
10097
45566
65261
42413
17985
67946
58795
23935
32822
97831
47515
80055
45137
5460
35580
55748
48813
55796
26195
77796
56830
28363
31964
17102
11667
20565
41147
16027
83450
24323
44336
45361
72226
47410
10504
5326
65788
24618
59120
5357
72507
21329
78661
66136
28922
16649
13927
87499
12796
86253
43308
42432
69551
56995
31760
26525
71722
34301
20266
23350
96693
28082
40602
52767
32328
41749
37279
30835
43276
19023
90853
8506
67165
25950
98043
72186
12113
64328
67299
19613
39282
73981
29954
55195
68263
41865
37207
75204
5937
29683
72968
77612
93393
27926
29016
48531
31911
92825
56918
20048
12597
45324
53455
1689
32674
96129
85698
73746
24570
13029
89140
49712
32178
39418
94042
40360
97738
92242
21268
75512
2411
86570
98682
74322
49808
54273
51181
90881
10498
62099
91120
61305
92411
10838
39280
59263
13387
60848
65374
24818
41945
35059
88766
23381
75361
49974
824
11995
14588
2194
83499
38637
54845
94518
9985
98394
91096
49767
34622
29532
82301
66999
65266
95843
93922
46176
86446
69024
76095
69310
89683
79120
2386
63270
94982
58307
29026
22375
27935
76712
66305
17660
75233
37911
13707
58794
46276
74586
41387
316
41166
65273
18525
85881
5920
82081
60142
20991
30028
75920
39391
35390
50437
79679
10985
75763
82799
29164
13274
69151
11893
49347
58909
25316
97785
59241
78328
75004
81637
40837
34415
32501
3681
21099
2278
25229
6366
61990
48323
19717
80847
32834
80306
7141
55991
64275
41090
54349
39293
55109
86156
47475
13404
47297
4084
27070
77143
80472
88105
70750
7114
95791
4486
90245
11227
72391
99803
76454
79983
71368
9957
22921
17050
36746
59994
21416
84718
59360
84993
3881
34324
13441
78141
54040
96153
63188
5867
38239
28031
88791
16257
50501
90837
67340
19766
63393
13377
72289
24448
58842
96121
23259
85017
34173
19633
88318
24795
16249
21838
4283
87018
98170
83225
57750
71985
38624
40751
65266
59524
85819
59862
45308
50116
3717
94314
35217
46850
40828
60374
54349
84251
97371
40286
82449
42817
25109
22648
53200
46490
28365
21435
14934
42337
55956
26927
62229
67947
94528
50148
61646
89988
81381
41247
69433
6680
18066
99279
62032
72109
51979
44222
97694
20365
37631
89539
31359
37122
64389
21812
81364
36026
33976
53720
10407
27242
86860
89594
17653
30895
71467
63162
23100
55311
43121
39102
3138
47262
23200
76230
94719
58109
65569
57373
31081
29117
48440
92075
43354
73281
12002
32391
9920
10912
54574
77482
79073
80682
89397
39231
73640
40994
63447
90294
87952
34954
29012
28888
96908
51325
72323
96244
37937
20309
25810
5176
54177
25836
90491
16732
29205
40544
79232
38200
42182
72560
75203
12245
74968
15363
51684
22017
81635
6152
68151
88476
41855
84983
15329
19696
40971
16438
70671
15293
83418
22488
64083
17682
97755
43265
9180
70200
43812
91012
8689
91752
59290
37293
27722
35613
20896
47418
51372
83268
47705
28996
23198
31056
28731
98236
69932
28458
52818
19312
9080
56549
80462
10700
13463
64271
15563
18909
7919
35108
47835
47282
97995
85405
24434
26363
66425
84102
56301
88339
94753
49548
8063
37498
79330
92821
22138
9371
23754
38186
24471
55789
44465
77775
73058
65940
82387
2228
82404
69799
14824
77700
94990
60492
30946
42842
54208
91392
97955
26323
75507
6419
36856
9982
94281
943
34101
84976
93199
57721
51502
70741
76971
87185
34448
36705
49224
42516
65754
62724
56604
87009
62587
88955
92498
76952
1385
16131
47992
701
65211
21417
14503
50460
89764
75069
21226
44135
86157
54213
37070
27739
1517
27278
27461
18433
35239
63517
56982
77968
62336
34275
68804
35823
8892
48143
5433
91640
8084
64765
84464
12024
36502
37260
73372
92052
99354
71181
15639
65189
50012
64440
48811
14532
250
61465
41463
82560
90155
23751
96063
72332
15162
20085
87731
44854
55551
70754
14105
90162
80696
45931
94361
36917
52457
33792
5510
13757
4589
77971
34724
80494
7767
26252
74138
83351
24138
16602
85174
40627
28561
43045
80023
35180
25499
56383
12283
93242
93719
42393
33573
30408
23880
82993
49450
26135
21574
40712
60729
50460
1713
17810
23493
44325
54034
90823
91344
3226
11503
17526
95669
35166
71787
22297
55858
40372
87928
8420
28016
61662
27706
22583
53489
63616
57913
30739
9493
64963
95554
67593
42313
74742
76539
2606
80365
10095
28737
78955
19039
9135
25504
88048
32873
28260
84078
78184
24836
12104
99012
7336
53480
26694
41210
50882
56433
89468
81246
51542
54607
18428
9617
73767
38090
69997
35966
20075
45168
847
94072
87133
71421
87388
8046
92365
67686
44073
30510
45174
59202
18668
38004
31984
67285
37239
45932
71964
21978
56258
42124
19101
24684
57543
31527
56166
28977
80295
95023
42798
75268
3146
13802
46976
73949
75076
33808
69295
17279
26834
63582
99111
16318
64804
6682
19039
75979
1589
36132
99498
94782
11445
52277
55116
9599
35432
97623
9514
38833
64327
63137
7546
49755
53860
27661
61690
41011
11658
38871
54012
51145
70563
31252
60543
65038
93652
35565
26873
13600
20067
92855
42384
20179
93497
24144
55176
32029
22465
37431
75542
14621
27984
84040
70227
7049
35871
11732
79565
48596
92052
82169
63671
77016
15199
50115
35969
80581
83520
20318
18914
80134
99398
10455
77329
92844
76017
33806
33108
97401
47897
3514
79023
76811
42792
9497
96510
28804
46562
33938
77182
3538
4549
81545
50405
46591
30827
47198
6130
45975
39788
24547
80639
46257
92513
41976
63667
93085
38691
25701
54548
16328
80370
6259
52825
52911
8369
75719
62654
59102
95343
60924
46961
71299
1057
35452
69161
93971
84650
52443
52214
9432
16220
76304
86867
13335
21976
79408
35320
99738
4978
6569
88972
32542
47632
35672
33432
64891
69937
15495
90135
98891
21130
96519
76169
53145
72300
80901
80199
57416
96065
8844
27216
30045
78581
2040
24706
72394
28849
72914
73381
57975
72034
68589
67297
54127
31608
8219
45487
30564
12555
20172
6829
23136
6168
67813
32171
87274
18857
8121
99139
84753
90835
98695
34406
12120
48601
83215
63024
52958
3278
50354
35709
74665
76567
97989
23350
72014
66190
31505
7748
71679
43107
39243
45765
22257
95325
77419
90075
66633
29054
25931
32610
56707
77957
40318
67290
62431
24845
86826
95810
87208
75123
6595
36326
1346
69269
65670
93743
36496
77685
43054
42521
17727
32669
48023
33954
64402
91612
5229
95549
78794
85390
83823
43206
59282
74682
99014
36561
36101
67573
16700
64763
29404
4549
49723
61698
44760
90592
34115
34321
31688
97170
52454
92051
32824
12028
14564
67848
67542
93658
23519
73813
82658
28765
97594
67350
57713
86935
17555
96911
54462
73078
22361
37536
74286
63463
93132
38710
97694
38748
48208
91230
95435
79016
24909
69205
72894
13126
56679
48059
8754
91162
14388
57446
54371
16655
75071
97043
19477
72480
13721
75287
11550
66738
48790
52627
16273
84222
8299
41414
82920
39053
9634
75996
20813
91323
48023
2533
14981
79998
45363
17056
57786
51360
31362
7542
53731
55432
3891
96291
38866
75832
95499
97134
3513
83663
3495
34394
22106
66477
39788
47574
64618
58327
98700
46159
82946
99953
92824
11845
514
23752
98332
37882
84289
49010
46972
55559
94389
95820
33705
14121
77915
62275
92383
66904
46660
51695
70142
89177
27933
18585
13635
48457
58425
31326
48931
35193
67549
86091
74372
78170
34343
97992
38199
26798
87452
36433
30037
71229
83597
98719
20437
36041
23365
72678
24456
11961
83826
94711
37617
57074
49837
71622
24324
79492
74375
70598
36378
73536
6546
26608
55662
64360
14090
36514
89816
94238
15646
6148
90691
85758
49407
16998
68748
61032
80099
30245
16505
31701
46678
70988
26580
63083
86111
46199
675
2283
74826
88371
85222
11720
80823
75233
34764
60882
31614
9562
24017
72400
44956
44492
36856
39180
86463
98595
49121
67913
95083
66179
86408
40879
8230
1041
13210
71047
16614
59185
13844
54658
83509
47145
8218
14483
66526
53701
42544
80381
37495
58708
9720
16551
58410
28784
18601
33965
42082
50875
49641
60080
99535
95396
78535
54637
20213
28649
83159
55210
8343
97687
15179
41388
42268
60684
77898
89703
30267
47486
56335
48493
30473
84884
63361
94856
89756
29938
98410
12770
33498
97362
33207
30433
36323
31277
85899
33137
44440
38650
70112
72697
87270
2125
52667
70927
35283
5473
16267
75719
49636
25968
56894
25190
40712
82334
17375
2870
16997
76854
9327
42450
25533
79372
31327
37377
50876
32226
68264
66015
52673
56966
69832
6423
32743
14680
62522
34701
42734
80682
84432
92407
68139
81664
54127
85900
70729
7478
9926
79125
33050
58977
55372
89504
37534
95310
92406
86547
52846
38214
44530
3869
84006
74707
91652
57992
85325
20476
24890
67019
98434
98732
17773
87132
91813
83185
68695
20578
66622
10049
73547
49161
4526
74262
85365
16239
27089
72282
50255
72667
92237
69950
77309
25773
56281
5444
18151
90896
64621
21436
78352
78348
93250
71531
35895
26201
69317
92552
67914
74318
43197
17377
26785
68758
22102
15322
74430
21220
23146
24437
79807
59838
69804
19917
17309
72084
67728
15612
34981
63956
98650
86525
65841
5686
95073
27308
59746
48498
13696
28937
59419
22258
75865
13659
1245
97505
20774
84625
26075
14883
97534
94564
23993
56542
98400
91576
90854
13270
19934
53505
85235
42103
61321
51010
2863
48875
85653
92305
85280
30027
42217
84183
768
20626
95494
72371
4338
86029
79122
29630
71263
41327
71423
29577
40530
59905
47644
24770
61676
84023
96440
87862
63140
99293
41582
22928
64575
27792
30322
33888
69960
96169
90582
31927
56108
39252
31801
14
99188
93567
17389
41574
98752
49742
45731
41161
70813
82091
4949
40368
3138
37050
64560
92223
63117
651
51484
93291
9621
58185
77162
70395
55659
10255
77913
72140
46770
90330
77924
33006
20248
88378
94699
25132
18896
97538
